3333333333333333333333333333333344444
1000000000000000000000000000000000001
1000444444444411111111111111111111001
1000000000000000000000000000000000001
1000000000000000000000000000000000001
1000000000000000000000000000000000001
1000000000000000000000000000000000001
1000000000000000000000000000000000001
1000000000000000000000000000000000001
1000033333333333333333333111111110001
1000000044440000000000000000000000001
1000000000000000000000000000000000001
1000000000000000000000000000000000001
1000000000555555555555550000000000001
1000000000000000000000000000000000001
1000000000000000000000000000000000001
1000000000000000000000000000000000001
1000000000000000000000000000000000001
1000000000000000000000000000000000001
1000000000000009999999999999999000001
1000000000000000000000000000000000001
1000000000000000000000000000000000001
1000000000000000000000000000000000001
1000001111111111111111111111111111001
1000000000000000000000000000000000001
1000000000000000000000000000000000001
1000000000000000000000000000000000001
1000000000000000000000000000000000001
1000000000000000000000000000000000001
1000000000000000000000000000000000001
1000000000000000000222220000000000001
1000000000000000000000000000000000001
1000000000000000000000000000000000001
1000000000000000000000000000000000001
1000000000000000000000000000000000001
1000000000000000000000000000000000001
1000000000000000000000000000000000001
1111111111111111111111111111111111111
